<?xml version="1.0"?>
<opencv_storage>
<mtx type_id="opencv-matrix">
  <rows>3</rows>
  <cols>3</cols>
  <dt>d</dt>
  <data>
    1.7037928433889741e+02 0. 1.2822674147448586e+02 0.
    1.7138253189968651e+02 1.1697157124698083e+02 0. 0. 1.</data></mtx>
<dist type_id="opencv-matrix">
  <rows>1</rows>
  <cols>5</cols>
  <dt>d</dt>
  <data>
    2.0971898132610825e-01 -9.0468529447530577e-01
    1.6588779368979184e-03 -1.0939557392284241e-02
    7.1506499898321974e-01</data></dist>
</opencv_storage>
