<?xml version="1.0"?>
<opencv_storage>
<mtx type_id="opencv-matrix">
  <rows>3</rows>
  <cols>3</cols>
  <dt>d</dt>
  <data>
    1.6615213324316264e+03 0. 6.5117400552418474e+02 0.
    1.6623170914408067e+03 4.8784345184433528e+02 0. 0. 1.</data></mtx>
<dist type_id="opencv-matrix">
  <rows>1</rows>
  <cols>5</cols>
  <dt>d</dt>
  <data>
    -6.8398298120958101e-02 -6.6466915008013203e-02
    1.6041772638560583e-03 -3.8981130828909570e-03
    8.8313210318532820e-01</data></dist>
</opencv_storage>
