<?xml version="1.0"?>
<opencv_storage>
<mtx type_id="opencv-matrix">
  <rows>3</rows>
  <cols>3</cols>
  <dt>d</dt>
  <data>
    2.0875602466720952e+03 0. 9.9220967539608785e+02 0.
    2.0883006318785533e+03 1.0706845876640439e+03 0. 0. 1.</data></mtx>
<dist type_id="opencv-matrix">
  <rows>1</rows>
  <cols>5</cols>
  <dt>d</dt>
  <data>
    -4.6066281558829504e-03 -2.3233459662093833e-01
    4.6296933919354024e-03 -1.9821995019444395e-04
    5.7610239229872828e-01</data></dist>
</opencv_storage>
