{
    "mtx": {
        "type_id": "opencv-matrix",
        "rows": 3,
        "cols": 3,
        "dt": "d",
        "data": [ 1.4876548303056284e+03, 0.0, 5.0130564897176794e+02,
            0.0, 1.5054509466553582e+03, 4.9023931460874820e+02, 0.0,
            0.0, 1.0 ]
    },
    "dist": {
        "type_id": "opencv-matrix",
        "rows": 1,
        "cols": 5,
        "dt": "d",
        "data": [ -1.4450127824770641e-02, -2.3411723805231660e-01,
            1.8140668876019228e-02, -2.6416750099141812e-02,
            9.6476097735886435e-01 ]
    }
}
