<?xml version="1.0"?>
<opencv_storage>
<mtx type_id="opencv-matrix">
  <rows>3</rows>
  <cols>3</cols>
  <dt>d</dt>
  <data>
    7.7333198206829991e+02 0. 2.7763925283939415e+02 0.
    1.0272233836353105e+03 2.7374352321229662e+02 0. 0. 1.</data></mtx>
<dist type_id="opencv-matrix">
  <rows>1</rows>
  <cols>5</cols>
  <dt>d</dt>
  <data>
    -6.4261485440942956e-02 -2.7623676725026103e-01
    5.4209885855911431e-03 4.1767352758188929e-03 1.7520168912049261e+00</data></dist>
</opencv_storage>
