{
    "mtx": {
        "type_id": "opencv-matrix",
        "rows": 3,
        "cols": 3,
        "dt": "d",
        "data": [ 1.1559775751210120e+03, 0.0, 6.2684410189697371e+02,
            0.0, 1.1790810169568986e+03, 5.7263374622404797e+02, 0.0,
            0.0, 1.0 ]
    },
    "dist": {
        "type_id": "opencv-matrix",
        "rows": 1,
        "cols": 5,
        "dt": "d",
        "data": [ -1.2225673721598686e-02, -2.2388806801877578e-01,
            -1.4433698316143644e-02, -3.3498229282550814e-02,
            3.6144653206362864e-01 ]
    }
}
